66,3
66,2
66,1
66,0
65,4
65,3
65,2
65,1
65,0
64,3
64,2
64,1
64,0
63,5
63,4
63,3
63,2
63,1
63,0
62,4
62,3
62,2
62,1
62,0
61,3
61,2
61,1
61,0
60,3
60,2
60,1
60,0
59,3
59,2
59,1
59,0
58,18
58,17
58,16
58,15
58,14
58,13
58,12
58,11
58,10
58,9
58,8
58,7
58,6
58,5
58,4
58,3
58,2
58,1
58,0
56,35
56,34
56,33
56,32
56,31
56,30
56,29
56,28
56,27
56,26
56,25
56,24
56,23
56,22
56,21
56,20
56,19
56,18
56,17
56,16
56,15
56,14
56,13
56,12
56,11
56,10
56,9
56,8
56,7
56,6
56,5
56,4
56,3
56,2
56,1
56,0
53,21
53,20
53,19
53,18
53,17
53,16
53,15
53,14
53,13
53,12
53,11
53,10
53,9
53,8
53,7
53,6
53,5
53,4
53,3
53,2
53,1
53,0
9,3
9,2
9,1
9,0
8,3
8,2
8,1
8,0
7,3
5,3
4,3
3,2
3,0
2,2
2,0
1,2
1,0
0,9
1,45
3,44
2,44
1,44
3,43
2,43
1,43
3,42
2,42
1,42
3,41
2,41
1,41
3,40
2,40
1,40
3,39
2,39
1,39
3,38
2,38
1,38
3,37
2,37
1,37
3,36
2,36
1,36
3,35
2,35
1,35
3,34
2,34
1,34
3,33
2,33
1,33
3,32
2,32
1,32
3,31
2,31
1,31
3,30
2,30
1,30
3,29
2,29
1,29
3,28
2,28
1,28
3,27
2,27
1,27
3,26
2,26
1,26
3,25
2,25
1,25
3,24
2,24
1,24
3,23
2,23
1,23
3,22
2,22
1,22
3,21
2,21
1,21
3,20
2,20
1,20
3,19
2,19
1,19
3,18
2,18
1,18
3,17
2,17
1,17
3,16
2,16
1,16
3,15
2,15
1,15
3,14
2,14
1,14
3,13
2,13
1,13
3,12
2,12
1,12
3,11
2,11
1,11
3,10
2,10
1,10
3,9
2,9
1,9
3,8
2,8
1,8
3,7
2,7
1,7
3,6
2,6
1,6
3,5
2,5
1,5
3,4
2,4
1,4
3,3
2,3
1,3
0,6
0,5
0,47
0,46
0,49
0,48
0,45
0,12
0,10
0,8
0,11
0,7
0,4
0,3
